0 1 
1 20 
2 
3 0 20 
4 25 
5 
6 21 
7 
8 22 
9 
10 
11 
12 0 
13 1 
14 20 
15 
16 
17 
18 
19 
20 
21 
22 
23 
24 
25 
26 
27 
28 
29 1 
30 20 
31 
32 1 
33 20 
34 
35 1 
36 20 
37 
38 0 20 
39 25 
40 
41 0 20 
42 25 
43 
44 0 20 
45 25 
46 
47 21 
48 
49 21 
50 
51 21 
52 
53 22 
54 
55 22 
56 
57 22 
58 
59 
60 
61 
62 
63 
64 
65 0 
66 1 
67 20 
68 
69 0 
70 1 
71 20 
72 
73 0 
74 1 
75 20 
76 
77 
78 
79 
80 
81 
82 
83 
84 
85 
86 
87 
88 
89 
90 
91 
92 
93 
94 
95 
96 
97 
98 
99 
100 
101 
102 
103 
104 
105 
106 
107 
108 
109 
110 
111 
112 
113 
114 
115 
116 1 
117 20 
118 
119 0 20 
120 9 25 
121 15 
122 
123 1 21 
124 20 
125 
126 22 
127 
128 
129 
130 0 
131 1 
132 20 
133 
134 
135 
136 
137 
138 
139 
140 
141 
142 
143 
144 
145 
146 
147 1 
148 20 
149 
150 1 
151 20 
152 
153 1 
154 20 
155 
156 0 20 
157 9 25 
158 15 
159 
160 0 20 
161 9 25 
162 15 
163 
164 0 20 
165 9 25 
166 15 
167 
168 1 21 
169 20 
170 
171 1 21 
172 20 
173 
174 1 21 
175 20 
176 
177 22 
178 
179 22 
180 
181 22 
182 
183 
184 
185 
186 
187 
188 
189 0 
190 1 
191 20 
192 
193 0 
194 1 
195 20 
196 
197 0 
198 1 
199 20 
200 
201 
202 
203 
204 
205 
206 
207 
208 
209 
210 
211 
212 
213 
214 
215 
216 
217 
218 
219 
220 
221 
222 
223 
224 
225 
226 
227 
228 
229 
230 
231 
232 
233 
234 
235 
236 
237 
238 
239 
240 1 
241 20 
242 
243 1 
244 20 
245 
246 1 
247 20 
248 
249 0 20 
250 25 
251 
252 0 20 
253 25 
254 
255 0 20 
256 
257 21 
258 
259 21 
260 
261 21 
262 
263 22 
264 
265 22 
266 
267 22 
268 
269 
270 
271 
272 
273 
274 
275 0 
276 1 
277 20 
278 
279 0 
280 1 
281 20 
282 
283 0 
284 1 
285 20 
286 
287 
288 
289 
290 
291 
292 
293 
294 
295 
296 
297 
298 
299 
300 
301 
302 
303 
304 
305 
306 
307 
308 
309 
310 
311 
312 
313 
314 
315 
316 
317 
318 
319 
320 
321 
322 
323 
324 
325 
326 1 
327 20 
328 
329 1 
330 20 
331 
332 1 
333 20 
334 
335 1 
336 20 
337 
338 1 
339 20 
340 
341 1 
342 20 
343 
344 1 
345 20 
346 
347 1 
348 20 
349 
350 1 
351 20 
352 
353 0 20 
354 25 
355 
356 0 20 
357 25 
358 
359 0 20 
360 25 
361 
362 0 20 
363 25 
364 
365 0 20 
366 25 
367 
368 0 20 
369 25 
370 
371 0 20 
372 
373 0 20 
374 
375 0 20 
376 
377 21 
378 
379 21 
380 
381 21 
382 
383 21 
384 
385 21 
386 
387 21 
388 
389 21 
390 
391 21 
392 
393 21 
394 
395 22 
396 
397 22 
398 
399 22 
400 
401 22 
402 
403 22 
404 
405 22 
406 
407 22 
408 
409 22 
410 
411 22 
412 
413 
414 
415 
416 
417 
418 
419 
420 
421 
422 
423 
424 
425 
426 
427 
428 
429 
430 
431 0 
432 1 
433 20 
434 
435 0 
436 1 
437 20 
438 
439 0 
440 1 
441 20 
442 
443 0 
444 1 
445 20 
446 
447 0 
448 1 
449 20 
450 
451 0 
452 1 
453 20 
454 
455 0 
456 1 
457 20 
458 
459 0 
460 1 
461 20 
462 
463 0 
464 1 
465 20 
466 
467 
468 
469 
470 
471 
472 
473 
474 
475 
476 
477 
478 
479 
480 
481 
482 
483 
484 
485 
486 
487 
488 
489 
490 
491 
492 
493 
494 
495 
496 
497 
498 
499 
500 
501 
502 
503 
504 
505 
506 
507 
508 
509 
510 
511 
512 
513 
514 
515 
516 
517 
518 
519 
520 
521 
522 
523 
524 
525 
526 
527 
528 
529 
530 
531 
532 
533 
534 
535 
536 
537 
538 
539 
540 
541 
542 
543 
544 
545 
546 
547 
548 
549 
550 
551 
552 
553 
554 
555 
556 
557 
558 
559 
560 
561 
562 
563 
564 
565 
566 
567 
568 
569 
570 
571 
572 
573 
574 
575 
576 
577 
578 
579 
580 
581 
582 
583 
584 1 
585 20 
586 
587 1 
588 20 
589 
590 1 
591 20 
592 
593 0 20 
594 9 25 
595 15 
596 
597 0 20 
598 9 25 
599 15 
600 
601 0 20 
602 9 
603 15 
604 
605 1 21 
606 20 
607 
608 1 21 
609 20 
610 
611 1 21 
612 20 
613 
614 22 
615 
616 22 
617 
618 22 
619 
620 
621 
622 
623 
624 
625 
626 0 
627 1 
628 20 
629 
630 0 
631 1 
632 20 
633 
634 0 
635 1 
636 20 
637 
638 
639 
640 
641 
642 
643 
644 
645 
646 
647 
648 
649 
650 
651 
652 
653 
654 
655 
656 
657 
658 
659 
660 
661 
662 
663 
664 
665 
666 
667 
668 
669 
670 
671 
672 
673 
674 
675 
676 
677 1 
678 20 
679 
680 1 
681 20 
682 
683 1 
684 20 
685 
686 1 
687 20 
688 
689 1 
690 20 
691 
692 1 
693 20 
694 
695 1 
696 20 
697 
698 1 
699 20 
700 
701 1 
702 20 
703 
704 0 20 
705 9 25 
706 15 
707 
708 0 20 
709 9 25 
710 15 
711 
712 0 20 
713 9 25 
714 15 
715 
716 0 20 
717 9 25 
718 15 
719 
720 0 20 
721 9 25 
722 15 
723 
724 0 20 
725 9 25 
726 15 
727 
728 0 20 
729 9 
730 15 
731 
732 0 20 
733 9 
734 15 
735 
736 0 20 
737 9 
738 15 
739 
740 1 21 
741 20 
742 
743 1 21 
744 20 
745 
746 1 21 
747 20 
748 
749 1 21 
750 20 
751 
752 1 21 
753 20 
754 
755 1 21 
756 20 
757 
758 1 21 
759 20 
760 
761 1 21 
762 20 
763 
764 1 21 
765 20 
766 
767 22 
768 
769 22 
770 
771 22 
772 
773 22 
774 
775 22 
776 
777 22 
778 
779 22 
780 
781 22 
782 
783 22 
784 
785 
786 
787 
788 
789 
790 
791 
792 
793 
794 
795 
796 
797 
798 
799 
800 
801 
802 
803 0 
804 1 
805 20 
806 
807 0 
808 1 
809 20 
810 
811 0 
812 1 
813 20 
814 
815 0 
816 1 
817 20 
818 
819 0 
820 1 
821 20 
822 
823 0 
824 1 
825 20 
826 
827 0 
828 1 
829 20 
830 
831 0 
832 1 
833 20 
834 
835 0 
836 1 
837 20 
838 
839 
840 
841 
842 
843 
844 
845 
846 
847 
848 
849 
850 
851 
852 
853 
854 
855 
856 
857 
858 
859 
860 
861 
862 
863 
864 
865 
866 
867 
868 
869 
870 
871 
872 
873 
874 
875 
876 
877 
878 
879 
880 
881 
882 
883 
884 
885 
886 
887 
888 
889 
890 
891 
892 
893 
894 
895 
896 
897 
898 
899 
900 
901 
902 
903 
904 
905 
906 
907 
908 
909 
910 
911 
912 
913 
914 
915 
916 
917 
918 
919 
920 
921 
922 
923 
924 
925 
926 
927 
928 
929 
930 
931 
932 
933 
934 
935 
936 
937 
938 
939 
940 
941 
942 
943 
944 
945 
946 
947 
948 
949 
950 
951 
952 
953 
954 
955 
956 1 
957 25 
958 
959 1 
960 20 
961 
962 1 
963 20 
964 
965 0 
966 25 
967 
968 0 20 
969 25 
970 
971 20 
972 
973 0 21 
974 1 
975 
976 
977 21 
978 
979 0 22 
980 1 
981 
982 22 
983 
984 
985 0 
986 1 
987 25 
988 
989 
990 
991 0 
992 1 
993 
994 
995 
996 0 
997 1 
998 3 25 
999 15 22 
1000 5 
1001 4 
1002 14 
1003 
1004 0 
1005 1 
1006 20 
1007 
1008 0 
1009 1 
1010 20 
1011 
1012 0 
1013 1 
1014 6 25 
1015 
1016 
1017 
1018 0 
1019 1 
1020 6 25 
1021 19 
1022 
1023 
1024 
1025 0 
1026 1 
1027 25 
1028 
1029 
1030 
1031 0 
1032 1 
1033 15 25 
1034 17 
1035 
1036 
1037 
1038 0 
1039 1 
1040 
1041 
1042 
1043 0 
1044 1 
1045 15 
1046 6 25 
1047 
1048 
1049 
1050 0 
1051 1 
1052 
1053 
1054 
1055 0 
1056 1 
1057 
1058 
1059 
1060 0 
1061 1 
1062 6 25 
1063 3 
1064 5 22 
1065 4 
1066 14 
1067 
1068 
1069 
1070 0 
1071 1 
1072 6 25 
1073 9 
1074 
1075 
1076 
1077 0 
1078 1 
1079 
1080 
1081 
1082 0 
1083 1 
1084 6 
1085 
1086 
1087 
1088 0 
1089 1 
1090 25 
1091 
1092 
1093 
1094 1 
1095 25 
1096 
1097 1 
1098 25 
1099 
1100 1 
1101 25 
1102 
1103 1 
1104 20 
1105 
1106 1 
1107 20 
1108 
1109 1 
1110 20 
1111 
1112 1 
1113 20 
1114 
1115 1 
1116 20 
1117 
1118 1 
1119 20 
1120 
1121 0 
1122 25 
1123 
1124 0 
1125 25 
1126 
1127 0 
1128 25 
1129 
1130 0 20 
1131 25 
1132 
1133 0 20 
1134 25 
1135 
1136 0 20 
1137 25 
1138 
1139 20 
1140 
1141 20 
1142 
1143 20 
1144 
1145 0 21 
1146 1 
1147 
1148 0 21 
1149 1 
1150 
1151 0 21 
1152 1 
1153 
1154 
1155 
1156 
1157 21 
1158 
1159 21 
1160 
1161 21 
1162 
1163 0 22 
1164 1 
1165 
1166 0 22 
1167 1 
1168 
1169 0 22 
1170 1 
1171 
1172 22 
1173 
1174 22 
1175 
1176 22 
1177 
1178 
1179 
1180 
1181 0 
1182 1 
1183 25 
1184 
1185 0 
1186 1 
1187 25 
1188 
1189 0 
1190 1 
1191 25 
1192 
1193 
1194 
1195 
1196 
1197 
1198 
1199 0 
1200 1 
1201 
1202 0 
1203 1 
1204 
1205 0 
1206 1 
1207 
1208 
1209 
1210 
1211 
1212 
1213 
1214 0 
1215 1 
1216 3 25 
1217 15 22 
1218 5 
1219 4 
1220 14 
1221 
1222 0 
1223 1 
1224 3 25 
1225 15 22 
1226 5 
1227 4 
1228 14 
1229 
1230 0 
1231 1 
1232 3 25 
1233 15 22 
1234 5 
1235 4 
1236 14 
1237 
1238 0 
1239 1 
1240 20 
1241 
1242 0 
1243 1 
1244 20 
1245 
1246 0 
1247 1 
1248 20 
1249 
1250 0 
1251 1 
1252 20 
1253 
1254 0 
1255 1 
1256 20 
1257 
1258 0 
1259 1 
1260 20 
1261 
1262 0 
1263 1 
1264 6 25 
1265 
1266 0 
1267 1 
1268 6 25 
1269 
1270 0 
1271 1 
1272 6 25 
1273 
1274 
1275 
1276 
1277 
1278 
1279 
1280 0 
1281 1 
1282 6 25 
1283 19 
1284 
1285 0 
1286 1 
1287 6 25 
1288 19 
1289 
1290 0 
1291 1 
1292 6 25 
1293 19 
1294 
1295 
1296 
1297 
1298 
1299 
1300 
1301 0 
1302 1 
1303 25 
1304 
1305 0 
1306 1 
1307 25 
1308 
1309 0 
1310 1 
1311 25 
1312 
1313 
1314 
1315 
1316 
1317 
1318 
1319 0 
1320 1 
1321 15 25 
1322 17 
1323 
1324 0 
1325 1 
1326 15 25 
1327 17 
1328 
1329 0 
1330 1 
1331 15 25 
1332 17 
1333 
1334 
1335 
1336 
1337 
1338 
1339 
1340 0 
1341 1 
1342 
1343 0 
1344 1 
1345 
1346 0 
1347 1 
1348 
1349 
1350 
1351 
1352 
1353 
1354 
1355 0 
1356 1 
1357 15 
1358 6 25 
1359 
1360 0 
1361 1 
1362 15 
1363 6 25 
1364 
1365 0 
1366 1 
1367 15 
1368 6 25 
1369 
1370 
1371 
1372 
1373 
1374 
1375 
1376 0 
1377 1 
1378 
1379 0 
1380 1 
1381 
1382 0 
1383 1 
1384 
1385 
1386 
1387 
1388 
1389 
1390 
1391 0 
1392 1 
1393 
1394 0 
1395 1 
1396 
1397 0 
1398 1 
1399 
1400 
1401 
1402 
1403 
1404 
1405 
1406 0 
1407 1 
1408 6 25 
1409 3 
1410 5 22 
1411 4 
1412 14 
1413 
1414 0 
1415 1 
1416 6 25 
1417 3 
1418 5 22 
1419 4 
1420 14 
1421 
1422 0 
1423 1 
1424 6 25 
1425 3 
1426 5 22 
1427 4 
1428 14 
1429 
1430 
1431 
1432 
1433 
1434 
1435 
1436 0 
1437 1 
1438 6 25 
1439 9 
1440 
1441 0 
1442 1 
1443 6 25 
1444 9 
1445 
1446 0 
1447 1 
1448 6 25 
1449 9 
1450 
1451 
1452 
1453 
1454 
1455 
1456 
1457 0 
1458 1 
1459 
1460 0 
1461 1 
1462 
1463 0 
1464 1 
1465 
1466 
1467 
1468 
1469 
1470 
1471 
1472 0 
1473 1 
1474 6 
1475 
1476 0 
1477 1 
1478 6 
1479 
1480 0 
1481 1 
1482 6 
1483 
1484 
1485 
1486 
1487 
1488 
1489 
1490 0 
1491 1 
1492 25 
1493 
1494 0 
1495 1 
1496 25 
1497 
1498 0 
1499 1 
1500 25 
1501 
1502 
1503 
1504 
1505 
1506 
1507 
1508 1 
1509 9 25 
1510 15 
1511 
1512 1 
1513 20 
1514 
1515 1 
1516 20 
1517 
1518 0 
1519 9 25 
1520 15 
1521 
1522 0 20 
1523 14 25 
1524 
1525 0 20 
1526 9 25 
1527 15 
1528 
1529 0 21 
1530 1 
1531 25 
1532 
1533 1 
1534 20 
1535 
1536 1 21 
1537 20 
1538 
1539 0 22 
1540 1 
1541 25 
1542 
1543 22 
1544 
1545 
1546 0 
1547 1 
1548 25 
1549 
1550 
1551 
1552 0 
1553 1 
1554 14 25 
1555 10 
1556 15 
1557 17 
1558 6 
1559 
1560 
1561 
1562 0 
1563 1 
1564 2 25 
1565 9 21 
1566 
1567 0 
1568 1 
1569 20 
1570 
1571 0 
1572 1 
1573 20 
1574 
1575 0 
1576 1 
1577 6 25 
1578 14 
1579 
1580 
1581 
1582 0 
1583 1 
1584 
1585 
1586 
1587 0 
1588 1 
1589 15 25 
1590 
1591 
1592 
1593 0 
1594 1 
1595 15 25 
1596 17 
1597 
1598 
1599 
1600 0 
1601 1 
1602 
1603 
1604 
1605 0 
1606 1 
1607 9 25 
1608 6 
1609 15 
1610 
1611 
1612 
1613 0 
1614 1 
1615 
1616 
1617 
1618 0 
1619 1 
1620 
1621 
1622 
1623 0 
1624 1 
1625 16 25 
1626 6 
1627 2 
1628 4 21 
1629 7 
1630 14 
1631 5 
1632 3 
1633 8 22 23 
1634 
1635 
1636 
1637 0 
1638 1 
1639 25 
1640 
1641 
1642 
1643 0 
1644 1 
1645 3 25 
1646 22 
1647 
1648 
1649 
1650 0 
1651 1 
1652 6 
1653 7 25 
1654 14 
1655 
1656 
1657 
1658 0 
1659 1 
1660 
1661 
1662 
1663 1 
1664 9 25 
1665 15 
1666 
1667 1 
1668 9 25 
1669 15 
1670 
1671 1 
1672 9 25 
1673 15 
1674 
1675 1 
1676 20 
1677 
1678 1 
1679 20 
1680 
1681 1 
1682 20 
1683 
1684 1 
1685 20 
1686 
1687 1 
1688 20 
1689 
1690 1 
1691 20 
1692 
1693 0 
1694 9 25 
1695 15 
1696 
1697 0 
1698 9 25 
1699 15 
1700 
1701 0 
1702 9 25 
1703 15 
1704 
1705 0 20 
1706 14 25 
1707 
1708 0 20 
1709 14 25 
1710 
1711 0 20 
1712 14 25 
1713 
1714 0 20 
1715 9 25 
1716 15 
1717 
1718 0 20 
1719 9 25 
1720 15 
1721 
1722 0 20 
1723 9 25 
1724 15 
1725 
1726 0 21 
1727 1 
1728 25 
1729 
1730 0 21 
1731 1 
1732 25 
1733 
1734 0 21 
1735 1 
1736 25 
1737 
1738 1 
1739 20 
1740 
1741 1 
1742 20 
1743 
1744 1 
1745 20 
1746 
1747 1 21 
1748 20 
1749 
1750 1 21 
1751 20 
1752 
1753 1 21 
1754 20 
1755 
1756 0 22 
1757 1 
1758 25 
1759 
1760 0 22 
1761 1 
1762 25 
1763 
1764 0 22 
1765 1 
1766 25 
1767 
1768 22 
1769 
1770 22 
1771 
1772 22 
1773 
1774 
1775 
1776 
1777 0 
1778 1 
1779 25 
1780 
1781 0 
1782 1 
1783 25 
1784 
1785 0 
1786 1 
1787 25 
1788 
1789 
1790 
1791 
1792 
1793 
1794 
1795 0 
1796 1 
1797 14 25 
1798 10 
1799 15 
1800 17 
1801 6 
1802 
1803 0 
1804 1 
1805 14 25 
1806 10 
1807 15 
1808 17 
1809 6 
1810 
1811 0 
1812 1 
1813 14 25 
1814 10 
1815 15 
1816 17 
1817 6 
1818 
1819 
1820 
1821 
1822 
1823 
1824 
1825 0 
1826 1 
1827 2 25 
1828 9 21 
1829 
1830 0 
1831 1 
1832 2 25 
1833 9 21 
1834 
1835 0 
1836 1 
1837 2 25 
1838 9 21 
1839 
1840 0 
1841 1 
1842 20 
1843 
1844 0 
1845 1 
1846 20 
1847 
1848 0 
1849 1 
1850 20 
1851 
1852 0 
1853 1 
1854 20 
1855 
1856 0 
1857 1 
1858 20 
1859 
1860 0 
1861 1 
1862 20 
1863 
1864 0 
1865 1 
1866 6 25 
1867 14 
1868 
1869 0 
1870 1 
1871 6 25 
1872 14 
1873 
1874 0 
1875 1 
1876 6 25 
1877 14 
1878 
1879 
1880 
1881 
1882 
1883 
1884 
1885 0 
1886 1 
1887 
1888 0 
1889 1 
1890 
1891 0 
1892 1 
1893 
1894 
1895 
1896 
1897 
1898 
1899 
1900 0 
1901 1 
1902 15 25 
1903 
1904 0 
1905 1 
1906 15 25 
1907 
1908 0 
1909 1 
1910 15 25 
1911 
1912 
1913 
1914 
1915 
1916 
1917 
1918 0 
1919 1 
1920 15 25 
1921 17 
1922 
1923 0 
1924 1 
1925 15 25 
1926 17 
1927 
1928 0 
1929 1 
1930 15 25 
1931 17 
1932 
1933 
1934 
1935 
1936 
1937 
1938 
1939 0 
1940 1 
1941 
1942 0 
1943 1 
1944 
1945 0 
1946 1 
1947 
1948 
1949 
1950 
1951 
1952 
1953 
1954 0 
1955 1 
1956 9 25 
1957 6 
1958 15 
1959 
1960 0 
1961 1 
1962 9 25 
1963 6 
1964 15 
1965 
1966 0 
1967 1 
1968 9 25 
1969 6 
1970 15 
1971 
1972 
1973 
1974 
1975 
1976 
1977 
1978 0 
1979 1 
1980 
1981 0 
1982 1 
1983 
1984 0 
1985 1 
1986 
1987 
1988 
1989 
1990 
1991 
1992 
1993 0 
1994 1 
1995 
1996 0 
1997 1 
1998 
1999 0 
2000 1 
2001 
2002 
2003 
2004 
2005 
2006 
2007 
2008 0 
2009 1 
2010 16 25 
2011 6 
2012 2 
2013 4 21 
2014 7 
2015 14 
2016 5 
2017 3 
2018 8 22 23 
2019 
2020 0 
2021 1 
2022 16 25 
2023 6 
2024 2 
2025 4 21 
2026 7 
2027 14 
2028 5 
2029 3 
2030 8 22 23 
2031 
2032 0 
2033 1 
2034 16 25 
2035 6 
2036 2 
2037 4 21 
2038 7 
2039 14 
2040 5 
2041 3 
2042 8 22 23 
2043 
2044 
2045 
2046 
2047 
2048 
2049 
2050 0 
2051 1 
2052 25 
2053 
2054 0 
2055 1 
2056 25 
2057 
2058 0 
2059 1 
2060 25 
2061 
2062 
2063 
2064 
2065 
2066 
2067 
2068 0 
2069 1 
2070 3 25 
2071 22 
2072 
2073 0 
2074 1 
2075 3 25 
2076 22 
2077 
2078 0 
2079 1 
2080 3 25 
2081 22 
2082 
2083 
2084 
2085 
2086 
2087 
2088 
2089 0 
2090 1 
2091 6 
2092 7 25 
2093 14 
2094 
2095 0 
2096 1 
2097 6 
2098 7 25 
2099 14 
2100 
2101 0 
2102 1 
2103 6 
2104 7 25 
2105 14 
2106 
2107 
2108 
2109 
2110 
2111 
2112 
2113 0 
2114 1 
2115 
2116 0 
2117 1 
2118 
2119 0 
2120 1 
2121 
2122 
2123 
2124 
2125 
2126 
2127 
2128 1 
2129 25 
2130 
2131 1 
2132 25 
2133 
2134 1 
2135 
2136 1 
2137 20 
2138 
2139 1 
2140 20 
2141 
2142 1 
2143 20 
2144 
2145 1 
2146 20 
2147 
2148 1 
2149 20 
2150 
2151 1 
2152 20 
2153 
2154 0 
2155 25 
2156 
2157 0 
2158 25 
2159 
2160 0 
2161 
2162 0 20 
2163 25 
2164 
2165 0 20 
2166 25 
2167 
2168 0 20 
2169 
2170 20 
2171 
2172 20 
2173 
2174 20 
2175 
2176 0 21 
2177 1 
2178 
2179 0 21 
2180 1 
2181 
2182 0 21 
2183 1 
2184 
2185 
2186 
2187 
2188 21 
2189 
2190 21 
2191 
2192 21 
2193 
2194 0 22 
2195 1 
2196 
2197 0 22 
2198 1 
2199 
2200 0 22 
2201 1 
2202 
2203 22 
2204 
2205 22 
2206 
2207 22 
2208 
2209 
2210 
2211 
2212 0 
2213 1 
2214 25 
2215 
2216 0 
2217 1 
2218 25 
2219 
2220 0 
2221 1 
2222 
2223 
2224 
2225 
2226 
2227 
2228 
2229 0 
2230 1 
2231 
2232 0 
2233 1 
2234 
2235 0 
2236 1 
2237 
2238 
2239 
2240 
2241 
2242 
2243 
2244 0 
2245 1 
2246 3 25 
2247 15 22 
2248 5 
2249 4 
2250 14 
2251 
2252 0 
2253 1 
2254 3 25 
2255 15 22 
2256 5 
2257 4 
2258 14 
2259 
2260 0 
2261 1 
2262 3 
2263 15 22 
2264 5 
2265 4 
2266 14 
2267 
2268 0 
2269 1 
2270 20 
2271 
2272 0 
2273 1 
2274 20 
2275 
2276 0 
2277 1 
2278 20 
2279 
2280 0 
2281 1 
2282 20 
2283 
2284 0 
2285 1 
2286 20 
2287 
2288 0 
2289 1 
2290 20 
2291 
2292 0 
2293 1 
2294 6 25 
2295 
2296 0 
2297 1 
2298 6 25 
2299 
2300 0 
2301 1 
2302 6 
2303 
2304 
2305 
2306 
2307 
2308 
2309 
2310 0 
2311 1 
2312 6 25 
2313 19 
2314 
2315 0 
2316 1 
2317 6 25 
2318 19 
2319 
2320 0 
2321 1 
2322 6 
2323 19 
2324 
2325 
2326 
2327 
2328 
2329 
2330 
2331 0 
2332 1 
2333 25 
2334 
2335 0 
2336 1 
2337 25 
2338 
2339 0 
2340 1 
2341 
2342 
2343 
2344 
2345 
2346 
2347 
2348 0 
2349 1 
2350 15 25 
2351 17 
2352 
2353 0 
2354 1 
2355 15 25 
2356 17 
2357 
2358 0 
2359 1 
2360 15 
2361 17 
2362 
2363 
2364 
2365 
2366 
2367 
2368 
2369 0 
2370 1 
2371 
2372 0 
2373 1 
2374 
2375 0 
2376 1 
2377 
2378 
2379 
2380 
2381 
2382 
2383 
2384 0 
2385 1 
2386 15 
2387 6 25 
2388 
2389 0 
2390 1 
2391 15 
2392 6 25 
2393 
2394 0 
2395 1 
2396 15 
2397 6 
2398 
2399 
2400 
2401 
2402 
2403 
2404 
2405 0 
2406 1 
2407 
2408 0 
2409 1 
2410 
2411 0 
2412 1 
2413 
2414 
2415 
2416 
2417 
2418 
2419 
2420 0 
2421 1 
2422 
2423 0 
2424 1 
2425 
2426 0 
2427 1 
2428 
2429 
2430 
2431 
2432 
2433 
2434 
2435 0 
2436 1 
2437 6 25 
2438 3 
2439 5 22 
2440 4 
2441 14 
2442 
2443 0 
2444 1 
2445 6 25 
2446 3 
2447 5 22 
2448 4 
2449 14 
2450 
2451 0 
2452 1 
2453 6 
2454 3 
2455 5 22 
2456 4 
2457 14 
2458 
2459 
2460 
2461 
2462 
2463 
2464 
2465 0 
2466 1 
2467 6 25 
2468 9 
2469 
2470 0 
2471 1 
2472 6 25 
2473 9 
2474 
2475 0 
2476 1 
2477 6 
2478 9 
2479 
2480 
2481 
2482 
2483 
2484 
2485 
2486 0 
2487 1 
2488 
2489 0 
2490 1 
2491 
2492 0 
2493 1 
2494 
2495 
2496 
2497 
2498 
2499 
2500 
2501 0 
2502 1 
2503 6 
2504 
2505 0 
2506 1 
2507 6 
2508 
2509 0 
2510 1 
2511 6 
2512 
2513 
2514 
2515 
2516 
2517 
2518 
2519 0 
2520 1 
2521 25 
2522 
2523 0 
2524 1 
2525 25 
2526 
2527 0 
2528 1 
2529 
2530 
2531 
2532 
2533 
2534 
2535 
2536 1 
2537 25 
2538 
2539 1 
2540 25 
2541 
2542 1 
2543 25 
2544 
2545 1 
2546 25 
2547 
2548 1 
2549 25 
2550 
2551 1 
2552 25 
2553 
2554 1 
2555 
2556 1 
2557 
2558 1 
2559 
2560 1 
2561 20 
2562 
2563 1 
2564 20 
2565 
2566 1 
2567 20 
2568 
2569 1 
2570 20 
2571 
2572 1 
2573 20 
2574 
2575 1 
2576 20 
2577 
2578 1 
2579 20 
2580 
2581 1 
2582 20 
2583 
2584 1 
2585 20 
2586 
2587 1 
2588 20 
2589 
2590 1 
2591 20 
2592 
2593 1 
2594 20 
2595 
2596 1 
2597 20 
2598 
2599 1 
2600 20 
2601 
2602 1 
2603 20 
2604 
2605 1 
2606 20 
2607 
2608 1 
2609 20 
2610 
2611 1 
2612 20 
2613 
2614 0 
2615 25 
2616 
2617 0 
2618 25 
2619 
2620 0 
2621 25 
2622 
2623 0 
2624 25 
2625 
2626 0 
2627 25 
2628 
2629 0 
2630 25 
2631 
2632 0 
2633 
2634 0 
2635 
2636 0 
2637 
2638 0 20 
2639 25 
2640 
2641 0 20 
2642 25 
2643 
2644 0 20 
2645 25 
2646 
2647 0 20 
2648 25 
2649 
2650 0 20 
2651 25 
2652 
2653 0 20 
2654 25 
2655 
2656 0 20 
2657 
2658 0 20 
2659 
2660 0 20 
2661 
2662 20 
2663 
2664 20 
2665 
2666 20 
2667 
2668 20 
2669 
2670 20 
2671 
2672 20 
2673 
2674 20 
2675 
2676 20 
2677 
2678 20 
2679 
2680 0 21 
2681 1 
2682 
2683 0 21 
2684 1 
2685 
2686 0 21 
2687 1 
2688 
2689 0 21 
2690 1 
2691 
2692 0 21 
2693 1 
2694 
2695 0 21 
2696 1 
2697 
2698 0 21 
2699 1 
2700 
2701 0 21 
2702 1 
2703 
2704 0 21 
2705 1 
2706 
2707 
2708 
2709 
2710 
2711 
2712 
2713 
2714 
2715 
2716 21 
2717 
2718 21 
2719 
2720 21 
2721 
2722 21 
2723 
2724 21 
2725 
2726 21 
2727 
2728 21 
2729 
2730 21 
2731 
2732 21 
2733 
2734 0 22 
2735 1 
2736 
2737 0 22 
2738 1 
2739 
2740 0 22 
2741 1 
2742 
2743 0 22 
2744 1 
2745 
2746 0 22 
2747 1 
2748 
2749 0 22 
2750 1 
2751 
2752 0 22 
2753 1 
2754 
2755 0 22 
2756 1 
2757 
2758 0 22 
2759 1 
2760 
2761 22 
2762 
2763 22 
2764 
2765 22 
2766 
2767 22 
2768 
2769 22 
2770 
2771 22 
2772 
2773 22 
2774 
2775 22 
2776 
2777 22 
2778 
2779 
2780 
2781 
2782 
2783 
2784 
2785 
2786 
2787 
2788 0 
2789 1 
2790 25 
2791 
2792 0 
2793 1 
2794 25 
2795 
2796 0 
2797 1 
2798 25 
2799 
2800 0 
2801 1 
2802 25 
2803 
2804 0 
2805 1 
2806 25 
2807 
2808 0 
2809 1 
2810 25 
2811 
2812 0 
2813 1 
2814 
2815 0 
2816 1 
2817 
2818 0 
2819 1 
2820 
2821 
2822 
2823 
2824 
2825 
2826 
2827 
2828 
2829 
2830 
2831 
2832 
2833 
2834 
2835 
2836 
2837 
2838 
2839 0 
2840 1 
2841 
2842 0 
2843 1 
2844 
2845 0 
2846 1 
2847 
2848 0 
2849 1 
2850 
2851 0 
2852 1 
2853 
2854 0 
2855 1 
2856 
2857 0 
2858 1 
2859 
2860 0 
2861 1 
2862 
2863 0 
2864 1 
2865 
2866 
2867 
2868 
2869 
2870 
2871 
2872 
2873 
2874 
2875 
2876 
2877 
2878 
2879 
2880 
2881 
2882 
2883 
2884 0 
2885 1 
2886 3 25 
2887 15 22 
2888 5 
2889 4 
2890 14 
2891 
2892 0 
2893 1 
2894 3 25 
2895 15 22 
2896 5 
2897 4 
2898 14 
2899 
2900 0 
2901 1 
2902 3 25 
2903 15 22 
2904 5 
2905 4 
2906 14 
2907 
2908 0 
2909 1 
2910 3 25 
2911 15 22 
2912 5 
2913 4 
2914 14 
2915 
2916 0 
2917 1 
2918 3 25 
2919 15 22 
2920 5 
2921 4 
2922 14 
2923 
2924 0 
2925 1 
2926 3 25 
2927 15 22 
2928 5 
2929 4 
2930 14 
2931 
2932 0 
2933 1 
2934 3 
2935 15 22 
2936 5 
2937 4 
2938 14 
2939 
2940 0 
2941 1 
2942 3 
2943 15 22 
2944 5 
2945 4 
2946 14 
2947 
2948 0 
2949 1 
2950 3 
2951 15 22 
2952 5 
2953 4 
2954 14 
2955 
2956 0 
2957 1 
2958 20 
2959 
2960 0 
2961 1 
2962 20 
2963 
2964 0 
2965 1 
2966 20 
2967 
2968 0 
2969 1 
2970 20 
2971 
2972 0 
2973 1 
2974 20 
2975 
2976 0 
2977 1 
2978 20 
2979 
2980 0 
2981 1 
2982 20 
2983 
2984 0 
2985 1 
2986 20 
2987 
2988 0 
2989 1 
2990 20 
2991 
2992 0 
2993 1 
2994 20 
2995 
2996 0 
2997 1 
2998 20 
2999 
3000 0 
3001 1 
3002 20 
3003 
3004 0 
3005 1 
3006 20 
3007 
3008 0 
3009 1 
3010 20 
3011 
3012 0 
3013 1 
3014 20 
3015 
3016 0 
3017 1 
3018 20 
3019 
3020 0 
3021 1 
3022 20 
3023 
3024 0 
3025 1 
3026 20 
3027 
3028 0 
3029 1 
3030 6 25 
3031 
3032 0 
3033 1 
3034 6 25 
3035 
3036 0 
3037 1 
3038 6 25 
3039 
3040 0 
3041 1 
3042 6 25 
3043 
3044 0 
3045 1 
3046 6 25 
3047 
3048 0 
3049 1 
3050 6 25 
3051 
3052 0 
3053 1 
3054 6 
3055 
3056 0 
3057 1 
3058 6 
3059 
3060 0 
3061 1 
3062 6 
3063 
3064 
3065 
3066 
3067 
3068 
3069 
3070 
3071 
3072 
3073 
3074 
3075 
3076 
3077 
3078 
3079 
3080 
3081 
3082 0 
3083 1 
3084 6 25 
3085 19 
3086 
3087 0 
3088 1 
3089 6 25 
3090 19 
3091 
3092 0 
3093 1 
3094 6 25 
3095 19 
3096 
3097 0 
3098 1 
3099 6 25 
3100 19 
3101 
3102 0 
3103 1 
3104 6 25 
3105 19 
3106 
3107 0 
3108 1 
3109 6 25 
3110 19 
3111 
3112 0 
3113 1 
3114 6 
3115 19 
3116 
3117 0 
3118 1 
3119 6 
3120 19 
3121 
3122 0 
3123 1 
3124 6 
3125 19 
3126 
3127 
3128 
3129 
3130 
3131 
3132 
3133 
3134 
3135 
3136 
3137 
3138 
3139 
3140 
3141 
3142 
3143 
3144 
3145 0 
3146 1 
3147 25 
3148 
3149 0 
3150 1 
3151 25 
3152 
3153 0 
3154 1 
3155 25 
3156 
3157 0 
3158 1 
3159 25 
3160 
3161 0 
3162 1 
3163 25 
3164 
3165 0 
3166 1 
3167 25 
3168 
3169 0 
3170 1 
3171 
3172 0 
3173 1 
3174 
3175 0 
3176 1 
3177 
3178 
3179 
3180 
3181 
3182 
3183 
3184 
3185 
3186 
3187 
3188 
3189 
3190 
3191 
3192 
3193 
3194 
3195 
3196 0 
3197 1 
3198 15 25 
3199 17 
3200 
3201 0 
3202 1 
3203 15 25 
3204 17 
3205 
3206 0 
3207 1 
3208 15 25 
3209 17 
3210 
3211 0 
3212 1 
3213 15 25 
3214 17 
3215 
3216 0 
3217 1 
3218 15 25 
3219 17 
3220 
3221 0 
3222 1 
3223 15 25 
3224 17 
3225 
3226 0 
3227 1 
3228 15 
3229 17 
3230 
3231 0 
3232 1 
3233 15 
3234 17 
3235 
3236 0 
3237 1 
3238 15 
3239 17 
3240 
3241 
3242 
3243 
3244 
3245 
3246 
3247 
3248 
3249 
3250 
3251 
3252 
3253 
3254 
3255 
3256 
3257 
3258 
3259 0 
3260 1 
3261 
3262 0 
3263 1 
3264 
3265 0 
3266 1 
3267 
3268 0 
3269 1 
3270 
3271 0 
3272 1 
3273 
3274 0 
3275 1 
3276 
3277 0 
3278 1 
3279 
3280 0 
3281 1 
3282 
3283 0 
3284 1 
3285 
3286 
3287 
3288 
3289 
3290 
3291 
3292 
3293 
3294 
3295 
3296 
3297 
3298 
3299 
3300 
3301 
3302 
3303 
3304 0 
3305 1 
3306 15 
3307 6 25 
3308 
3309 0 
3310 1 
3311 15 
3312 6 25 
3313 
3314 0 
3315 1 
3316 15 
3317 6 25 
3318 
3319 0 
3320 1 
3321 15 
3322 6 25 
3323 
3324 0 
3325 1 
3326 15 
3327 6 25 
3328 
3329 0 
3330 1 
3331 15 
3332 6 25 
3333 
3334 0 
3335 1 
3336 15 
3337 6 
3338 
3339 0 
3340 1 
3341 15 
3342 6 
3343 
3344 0 
3345 1 
3346 15 
3347 6 
3348 
3349 
3350 
3351 
3352 
3353 
3354 
3355 
3356 
3357 
3358 
3359 
3360 
3361 
3362 
3363 
3364 
3365 
3366 
3367 0 
3368 1 
3369 
3370 0 
3371 1 
3372 
3373 0 
3374 1 
3375 
3376 0 
3377 1 
3378 
3379 0 
3380 1 
3381 
3382 0 
3383 1 
3384 
3385 0 
3386 1 
3387 
3388 0 
3389 1 
3390 
3391 0 
3392 1 
3393 
3394 
3395 
3396 
3397 
3398 
3399 
3400 
3401 
3402 
3403 
3404 
3405 
3406 
3407 
3408 
3409 
3410 
3411 
3412 0 
3413 1 
3414 
3415 0 
3416 1 
3417 
3418 0 
3419 1 
3420 
3421 0 
3422 1 
3423 
3424 0 
3425 1 
3426 
3427 0 
3428 1 
3429 
3430 0 
3431 1 
3432 
3433 0 
3434 1 
3435 
3436 0 
3437 1 
3438 
3439 
3440 
3441 
3442 
3443 
3444 
3445 
3446 
3447 
3448 
3449 
3450 
3451 
3452 
3453 
3454 
3455 
3456 
3457 0 
3458 1 
3459 6 25 
3460 3 
3461 5 22 
3462 4 
3463 14 
3464 
3465 0 
3466 1 
3467 6 25 
3468 3 
3469 5 22 
3470 4 
3471 14 
3472 
3473 0 
3474 1 
3475 6 25 
3476 3 
3477 5 22 
3478 4 
3479 14 
3480 
3481 0 
3482 1 
3483 6 25 
3484 3 
3485 5 22 
3486 4 
3487 14 
3488 
3489 0 
3490 1 
3491 6 25 
3492 3 
3493 5 22 
3494 4 
3495 14 
3496 
3497 0 
3498 1 
3499 6 25 
3500 3 
3501 5 22 
3502 4 
3503 14 
3504 
3505 0 
3506 1 
3507 6 
3508 3 
3509 5 22 
3510 4 
3511 14 
3512 
3513 0 
3514 1 
3515 6 
3516 3 
3517 5 22 
3518 4 
3519 14 
3520 
3521 0 
3522 1 
3523 6 
3524 3 
3525 5 22 
3526 4 
3527 14 
3528 
3529 
3530 
3531 
3532 
3533 
3534 
3535 
3536 
3537 
3538 
3539 
3540 
3541 
3542 
3543 
3544 
3545 
3546 
3547 0 
3548 1 
3549 6 25 
3550 9 
3551 
3552 0 
3553 1 
3554 6 25 
3555 9 
3556 
3557 0 
3558 1 
3559 6 25 
3560 9 
3561 
3562 0 
3563 1 
3564 6 25 
3565 9 
3566 
3567 0 
3568 1 
3569 6 25 
3570 9 
3571 
3572 0 
3573 1 
3574 6 25 
3575 9 
3576 
3577 0 
3578 1 
3579 6 
3580 9 
3581 
3582 0 
3583 1 
3584 6 
3585 9 
3586 
3587 0 
3588 1 
3589 6 
3590 9 
3591 
3592 
3593 
3594 
3595 
3596 
3597 
3598 
3599 
3600 
3601 
3602 
3603 
3604 
3605 
3606 
3607 
3608 
3609 
3610 0 
3611 1 
3612 
3613 0 
3614 1 
3615 
3616 0 
3617 1 
3618 
3619 0 
3620 1 
3621 
3622 0 
3623 1 
3624 
3625 0 
3626 1 
3627 
3628 0 
3629 1 
3630 
3631 0 
3632 1 
3633 
3634 0 
3635 1 
3636 
3637 
3638 
3639 
3640 
3641 
3642 
3643 
3644 
3645 
3646 
3647 
3648 
3649 
3650 
3651 
3652 
3653 
3654 
3655 0 
3656 1 
3657 6 
3658 
3659 0 
3660 1 
3661 6 
3662 
3663 0 
3664 1 
3665 6 
3666 
3667 0 
3668 1 
3669 6 
3670 
3671 0 
3672 1 
3673 6 
3674 
3675 0 
3676 1 
3677 6 
3678 
3679 0 
3680 1 
3681 6 
3682 
3683 0 
3684 1 
3685 6 
3686 
3687 0 
3688 1 
3689 6 
3690 
3691 
3692 
3693 
3694 
3695 
3696 
3697 
3698 
3699 
3700 
3701 
3702 
3703 
3704 
3705 
3706 
3707 
3708 
3709 0 
3710 1 
3711 25 
3712 
3713 0 
3714 1 
3715 25 
3716 
3717 0 
3718 1 
3719 25 
3720 
3721 0 
3722 1 
3723 25 
3724 
3725 0 
3726 1 
3727 25 
3728 
3729 0 
3730 1 
3731 25 
3732 
3733 0 
3734 1 
3735 
3736 0 
3737 1 
3738 
3739 0 
3740 1 
3741 
3742 
3743 
3744 
3745 
3746 
3747 
3748 
3749 
3750 
3751 
3752 
3753 
3754 
3755 
3756 
3757 
3758 
3759 
3760 1 
3761 9 25 
3762 15 
3763 
3764 1 
3765 9 25 
3766 15 
3767 
3768 1 
3769 9 
3770 15 
3771 
3772 1 
3773 20 
3774 
3775 1 
3776 20 
3777 
3778 1 
3779 20 
3780 
3781 1 
3782 20 
3783 
3784 1 
3785 20 
3786 
3787 1 
3788 20 
3789 
3790 0 
3791 9 25 
3792 15 
3793 
3794 0 
3795 9 25 
3796 15 
3797 
3798 0 
3799 9 
3800 15 
3801 
3802 0 20 
3803 14 25 
3804 
3805 0 20 
3806 14 25 
3807 
3808 0 20 
3809 14 
3810 
3811 0 20 
3812 9 25 
3813 15 
3814 
3815 0 20 
3816 9 25 
3817 15 
3818 
3819 0 20 
3820 9 
3821 15 
3822 
3823 0 21 
3824 1 
3825 25 
3826 
3827 0 21 
3828 1 
3829 25 
3830 
3831 0 21 
3832 1 
3833 
3834 1 
3835 20 
3836 
3837 1 
3838 20 
3839 
3840 1 
3841 20 
3842 
3843 1 21 
3844 20 
3845 
3846 1 21 
3847 20 
3848 
3849 1 21 
3850 20 
3851 
3852 0 22 
3853 1 
3854 25 
3855 
3856 0 22 
3857 1 
3858 25 
3859 
3860 0 22 
3861 1 
3862 
3863 22 
3864 
3865 22 
3866 
3867 22 
3868 
3869 
3870 
3871 
3872 0 
3873 1 
3874 25 
3875 
3876 0 
3877 1 
3878 25 
3879 
3880 0 
3881 1 
3882 
3883 
3884 
3885 
3886 
3887 
3888 
3889 0 
3890 1 
3891 14 25 
3892 10 
3893 15 
3894 17 
3895 6 
3896 
3897 0 
3898 1 
3899 14 25 
3900 10 
3901 15 
3902 17 
3903 6 
3904 
3905 0 
3906 1 
3907 14 
3908 10 
3909 15 
3910 17 
3911 6 
3912 
3913 
3914 
3915 
3916 
3917 
3918 
3919 0 
3920 1 
3921 2 25 
3922 9 21 
3923 
3924 0 
3925 1 
3926 2 25 
3927 9 21 
3928 
3929 0 
3930 1 
3931 2 
3932 9 21 
3933 
3934 0 
3935 1 
3936 20 
3937 
3938 0 
3939 1 
3940 20 
3941 
3942 0 
3943 1 
3944 20 
3945 
3946 0 
3947 1 
3948 20 
3949 
3950 0 
3951 1 
3952 20 
3953 
3954 0 
3955 1 
3956 20 
3957 
3958 0 
3959 1 
3960 6 25 
3961 14 
3962 
3963 0 
3964 1 
3965 6 25 
3966 14 
3967 
3968 0 
3969 1 
3970 6 
3971 14 
3972 
3973 
3974 
3975 
3976 
3977 
3978 
3979 0 
3980 1 
3981 
3982 0 
3983 1 
3984 
3985 0 
3986 1 
3987 
3988 
3989 
3990 
3991 
3992 
3993 
3994 0 
3995 1 
3996 15 25 
3997 
3998 0 
3999 1 
4000 15 25 
4001 
4002 0 
4003 1 
4004 15 
4005 
4006 
4007 
4008 
4009 
4010 
4011 
4012 0 
4013 1 
4014 15 25 
4015 17 
4016 
4017 0 
4018 1 
4019 15 25 
4020 17 
4021 
4022 0 
4023 1 
4024 15 
4025 17 
4026 
4027 
4028 
4029 
4030 
4031 
4032 
4033 0 
4034 1 
4035 
4036 0 
4037 1 
4038 
4039 0 
4040 1 
4041 
4042 
4043 
4044 
4045 
4046 
4047 
4048 0 
4049 1 
4050 9 25 
4051 6 
4052 15 
4053 
4054 0 
4055 1 
4056 9 25 
4057 6 
4058 15 
4059 
4060 0 
4061 1 
4062 9 
4063 6 
4064 15 
4065 
4066 
4067 
4068 
4069 
4070 
4071 
4072 0 
4073 1 
4074 
4075 0 
4076 1 
4077 
4078 0 
4079 1 
4080 
4081 
4082 
4083 
4084 
4085 
4086 
4087 0 
4088 1 
4089 
4090 0 
4091 1 
4092 
4093 0 
4094 1 
4095 
4096 
4097 
4098 
4099 
4100 
4101 
4102 0 
4103 1 
4104 16 25 
4105 6 
4106 2 
4107 4 21 
4108 7 
4109 14 
4110 5 
4111 3 
4112 8 22 
4113 
4114 0 
4115 1 
4116 16 25 
4117 6 
4118 2 
4119 4 21 
4120 7 
4121 14 
4122 5 
4123 3 
4124 8 22 23 
4125 
4126 0 
4127 1 
4128 16 
4129 6 
4130 2 
4131 4 21 
4132 7 
4133 14 
4134 5 
4135 3 
4136 8 22 23 
4137 
4138 
4139 
4140 
4141 
4142 
4143 
4144 0 
4145 1 
4146 25 
4147 
4148 0 
4149 1 
4150 25 
4151 
4152 0 
4153 1 
4154 
4155 
4156 
4157 
4158 
4159 
4160 
4161 0 
4162 1 
4163 3 25 
4164 22 
4165 
4166 0 
4167 1 
4168 3 25 
4169 22 
4170 
4171 0 
4172 1 
4173 3 
4174 22 
4175 
4176 
4177 
4178 
4179 
4180 
4181 
4182 0 
4183 1 
4184 6 
4185 7 25 
4186 14 
4187 
4188 0 
4189 1 
4190 6 
4191 7 25 
4192 14 
4193 
4194 0 
4195 1 
4196 6 
4197 7 
4198 14 
4199 
4200 
4201 
4202 
4203 
4204 
4205 
4206 0 
4207 1 
4208 
4209 0 
4210 1 
4211 
4212 0 
4213 1 
4214 
4215 
4216 
4217 
4218 
4219 
4220 
4221 1 
4222 9 25 
4223 15 
4224 
4225 1 
4226 9 25 
4227 15 
4228 
4229 1 
4230 9 25 
4231 15 
4232 
4233 1 
4234 9 25 
4235 15 
4236 
4237 1 
4238 9 25 
4239 15 
4240 
4241 1 
4242 9 25 
4243 15 
4244 
4245 1 
4246 9 
4247 15 
4248 
4249 1 
4250 9 
4251 15 
4252 
4253 1 
4254 9 
4255 15 
4256 
4257 1 
4258 20 
4259 
4260 1 
4261 20 
4262 
4263 1 
4264 20 
4265 
4266 1 
4267 20 
4268 
4269 1 
4270 20 
4271 
4272 1 
4273 20 
4274 
4275 1 
4276 20 
4277 
4278 1 
4279 20 
4280 
4281 1 
4282 20 
4283 
4284 1 
4285 20 
4286 
4287 1 
4288 20 
4289 
4290 1 
4291 20 
4292 
4293 1 
4294 20 
4295 
4296 1 
4297 20 
4298 
4299 1 
4300 20 
4301 
4302 1 
4303 20 
4304 
4305 1 
4306 20 
4307 
4308 1 
4309 20 
4310 
4311 0 
4312 9 25 
4313 15 
4314 
4315 0 
4316 9 25 
4317 15 
4318 
4319 0 
4320 9 25 
4321 15 
4322 
4323 0 
4324 9 25 
4325 15 
4326 
4327 0 
4328 9 25 
4329 15 
4330 
4331 0 
4332 9 25 
4333 15 
4334 
4335 0 
4336 9 
4337 15 
4338 
4339 0 
4340 9 
4341 15 
4342 
4343 0 
4344 9 
4345 15 
4346 
4347 0 20 
4348 14 25 
4349 
4350 0 20 
4351 14 25 
4352 
4353 0 20 
4354 14 25 
4355 
4356 0 20 
4357 14 25 
4358 
4359 0 20 
4360 14 25 
4361 
4362 0 20 
4363 14 25 
4364 
4365 0 20 
4366 14 
4367 
4368 0 20 
4369 14 
4370 
4371 0 20 
4372 14 
4373 
4374 0 20 
4375 9 25 
4376 15 
4377 
4378 0 20 
4379 9 25 
4380 15 
4381 
4382 0 20 
4383 9 25 
4384 15 
4385 
4386 0 20 
4387 9 25 
4388 15 
4389 
4390 0 20 
4391 9 25 
4392 15 
4393 
4394 0 20 
4395 9 25 
4396 15 
4397 
4398 0 20 
4399 9 
4400 15 
4401 
4402 0 20 
4403 9 
4404 15 
4405 
4406 0 20 
4407 9 
4408 15 
4409 
4410 0 21 
4411 1 
4412 25 
4413 
4414 0 21 
4415 1 
4416 25 
4417 
4418 0 21 
4419 1 
4420 25 
4421 
4422 0 21 
4423 1 
4424 25 
4425 
4426 0 21 
4427 1 
4428 25 
4429 
4430 0 21 
4431 1 
4432 25 
4433 
4434 0 21 
4435 1 
4436 
4437 0 21 
4438 1 
4439 
4440 0 21 
4441 1 
4442 
4443 1 
4444 20 
4445 
4446 1 
4447 20 
4448 
4449 1 
4450 20 
4451 
4452 1 
4453 20 
4454 
4455 1 
4456 20 
4457 
4458 1 
4459 20 
4460 
4461 1 
4462 20 
4463 
4464 1 
4465 20 
4466 
4467 1 
4468 20 
4469 
4470 1 21 
4471 20 
4472 
4473 1 21 
4474 20 
4475 
4476 1 21 
4477 20 
4478 
4479 1 21 
4480 20 
4481 
4482 1 21 
4483 20 
4484 
4485 1 21 
4486 20 
4487 
4488 1 21 
4489 20 
4490 
4491 1 21 
4492 20 
4493 
4494 1 21 
4495 20 
4496 
4497 0 22 
4498 1 
4499 25 
4500 
4501 0 22 
4502 1 
4503 25 
4504 
4505 0 22 
4506 1 
4507 25 
4508 
4509 0 22 
4510 1 
4511 25 
4512 
4513 0 22 
4514 1 
4515 25 
4516 
4517 0 22 
4518 1 
4519 25 
4520 
4521 0 22 
4522 1 
4523 
4524 0 22 
4525 1 
4526 
4527 0 22 
4528 1 
4529 
4530 22 
4531 
4532 22 
4533 
4534 22 
4535 
4536 22 
4537 
4538 22 
4539 
4540 22 
4541 
4542 22 
4543 
4544 22 
4545 
4546 22 
4547 
4548 
4549 
4550 
4551 
4552 
4553 
4554 
4555 
4556 
4557 0 
4558 1 
4559 25 
4560 
4561 0 
4562 1 
4563 25 
4564 
4565 0 
4566 1 
4567 25 
4568 
4569 0 
4570 1 
4571 25 
4572 
4573 0 
4574 1 
4575 25 
4576 
4577 0 
4578 1 
4579 25 
4580 
4581 0 
4582 1 
4583 
4584 0 
4585 1 
4586 
4587 0 
4588 1 
4589 
4590 
4591 
4592 
4593 
4594 
4595 
4596 
4597 
4598 
4599 
4600 
4601 
4602 
4603 
4604 
4605 
4606 
4607 
4608 0 
4609 1 
4610 14 25 
4611 10 
4612 15 
4613 17 
4614 6 
4615 
4616 0 
4617 1 
4618 14 25 
4619 10 
4620 15 
4621 17 
4622 6 
4623 
4624 0 
4625 1 
4626 14 25 
4627 10 
4628 15 
4629 17 
4630 6 
4631 
4632 0 
4633 1 
4634 14 25 
4635 10 
4636 15 
4637 17 
4638 6 
4639 
4640 0 
4641 1 
4642 14 25 
4643 10 
4644 15 
4645 17 
4646 6 
4647 
4648 0 
4649 1 
4650 14 25 
4651 10 
4652 15 
4653 17 
4654 6 
4655 
4656 0 
4657 1 
4658 14 
4659 10 
4660 15 
4661 17 
4662 6 
4663 
4664 0 
4665 1 
4666 14 
4667 10 
4668 15 
4669 17 
4670 6 
4671 
4672 0 
4673 1 
4674 14 
4675 10 
4676 15 
4677 17 
4678 6 
4679 
4680 
4681 
4682 
4683 
4684 
4685 
4686 
4687 
4688 
4689 
4690 
4691 
4692 
4693 
4694 
4695 
4696 
4697 
4698 0 
4699 1 
4700 2 25 
4701 9 21 
4702 
4703 0 
4704 1 
4705 2 25 
4706 9 21 
4707 
4708 0 
4709 1 
4710 2 25 
4711 9 21 
4712 
4713 0 
4714 1 
4715 2 25 
4716 9 21 
4717 
4718 0 
4719 1 
4720 2 25 
4721 9 21 
4722 
4723 0 
4724 1 
4725 2 25 
4726 9 21 
4727 
4728 0 
4729 1 
4730 2 
4731 9 21 
4732 
4733 0 
4734 1 
4735 2 
4736 9 21 
4737 
4738 0 
4739 1 
4740 2 
4741 9 21 
4742 
4743 0 
4744 1 
4745 20 
4746 
4747 0 
4748 1 
4749 20 
4750 
4751 0 
4752 1 
4753 20 
4754 
4755 0 
4756 1 
4757 20 
4758 
4759 0 
4760 1 
4761 20 
4762 
4763 0 
4764 1 
4765 20 
4766 
4767 0 
4768 1 
4769 20 
4770 
4771 0 
4772 1 
4773 20 
4774 
4775 0 
4776 1 
4777 20 
4778 
4779 0 
4780 1 
4781 20 
4782 
4783 0 
4784 1 
4785 20 
4786 
4787 0 
4788 1 
4789 20 
4790 
4791 0 
4792 1 
4793 20 
4794 
4795 0 
4796 1 
4797 20 
4798 
4799 0 
4800 1 
4801 20 
4802 
4803 0 
4804 1 
4805 20 
4806 
4807 0 
4808 1 
4809 20 
4810 
4811 0 
4812 1 
4813 20 
4814 
4815 0 
4816 1 
4817 6 25 
4818 14 
4819 
4820 0 
4821 1 
4822 6 25 
4823 14 
4824 
4825 0 
4826 1 
4827 6 25 
4828 14 
4829 
4830 0 
4831 1 
4832 6 25 
4833 14 
4834 
4835 0 
4836 1 
4837 6 25 
4838 14 
4839 
4840 0 
4841 1 
4842 6 25 
4843 14 
4844 
4845 0 
4846 1 
4847 6 
4848 14 
4849 
4850 0 
4851 1 
4852 6 
4853 14 
4854 
4855 0 
4856 1 
4857 6 
4858 14 
4859 
4860 
4861 
4862 
4863 
4864 
4865 
4866 
4867 
4868 
4869 
4870 
4871 
4872 
4873 
4874 
4875 
4876 
4877 
4878 0 
4879 1 
4880 
4881 0 
4882 1 
4883 
4884 0 
4885 1 
4886 
4887 0 
4888 1 
4889 
4890 0 
4891 1 
4892 
4893 0 
4894 1 
4895 
4896 0 
4897 1 
4898 
4899 0 
4900 1 
4901 
4902 0 
4903 1 
4904 
4905 
4906 
4907 
4908 
4909 
4910 
4911 
4912 
4913 
4914 
4915 
4916 
4917 
4918 
4919 
4920 
4921 
4922 
4923 0 
4924 1 
4925 15 25 
4926 
4927 0 
4928 1 
4929 15 25 
4930 
4931 0 
4932 1 
4933 15 25 
4934 
4935 0 
4936 1 
4937 15 25 
4938 
4939 0 
4940 1 
4941 15 25 
4942 
4943 0 
4944 1 
4945 15 25 
4946 
4947 0 
4948 1 
4949 15 
4950 
4951 0 
4952 1 
4953 15 
4954 
4955 0 
4956 1 
4957 15 
4958 
4959 
4960 
4961 
4962 
4963 
4964 
4965 
4966 
4967 
4968 
4969 
4970 
4971 
4972 
4973 
4974 
4975 
4976 
4977 0 
4978 1 
4979 15 25 
4980 17 
4981 
4982 0 
4983 1 
4984 15 25 
4985 17 
4986 
4987 0 
4988 1 
4989 15 25 
4990 17 
4991 
4992 0 
4993 1 
4994 15 25 
4995 17 
4996 
4997 0 
4998 1 
4999 15 25 
5000 17 
5001 
5002 0 
5003 1 
5004 15 25 
5005 17 
5006 
5007 0 
5008 1 
5009 15 
5010 17 
5011 
5012 0 
5013 1 
5014 15 
5015 17 
5016 
5017 0 
5018 1 
5019 15 
5020 17 
5021 
5022 
5023 
5024 
5025 
5026 
5027 
5028 
5029 
5030 
5031 
5032 
5033 
5034 
5035 
5036 
5037 
5038 
5039 
5040 0 
5041 1 
5042 
5043 0 
5044 1 
5045 
5046 0 
5047 1 
5048 
5049 0 
5050 1 
5051 
5052 0 
5053 1 
5054 
5055 0 
5056 1 
5057 
5058 0 
5059 1 
5060 
5061 0 
5062 1 
5063 
5064 0 
5065 1 
5066 
5067 
5068 
5069 
5070 
5071 
5072 
5073 
5074 
5075 
5076 
5077 
5078 
5079 
5080 
5081 
5082 
5083 
5084 
5085 0 
5086 1 
5087 9 25 
5088 6 
5089 15 
5090 
5091 0 
5092 1 
5093 9 25 
5094 6 
5095 15 
5096 
5097 0 
5098 1 
5099 9 25 
5100 6 
5101 15 
5102 
5103 0 
5104 1 
5105 9 25 
5106 6 
5107 15 
5108 
5109 0 
5110 1 
5111 9 25 
5112 6 
5113 15 
5114 
5115 0 
5116 1 
5117 9 25 
5118 6 
5119 15 
5120 
5121 0 
5122 1 
5123 9 
5124 6 
5125 15 
5126 
5127 0 
5128 1 
5129 9 
5130 6 
5131 15 
5132 
5133 0 
5134 1 
5135 9 
5136 6 
5137 15 
5138 
5139 
5140 
5141 
5142 
5143 
5144 
5145 
5146 
5147 
5148 
5149 
5150 
5151 
5152 
5153 
5154 
5155 
5156 
5157 0 
5158 1 
5159 
5160 0 
5161 1 
5162 
5163 0 
5164 1 
5165 
5166 0 
5167 1 
5168 
5169 0 
5170 1 
5171 
5172 0 
5173 1 
5174 
5175 0 
5176 1 
5177 
5178 0 
5179 1 
5180 
5181 0 
5182 1 
5183 
5184 
5185 
5186 
5187 
5188 
5189 
5190 
5191 
5192 
5193 
5194 
5195 
5196 
5197 
5198 
5199 
5200 
5201 
5202 0 
5203 1 
5204 
5205 0 
5206 1 
5207 
5208 0 
5209 1 
5210 
5211 0 
5212 1 
5213 
5214 0 
5215 1 
5216 
5217 0 
5218 1 
5219 
5220 0 
5221 1 
5222 
5223 0 
5224 1 
5225 
5226 0 
5227 1 
5228 
5229 
5230 
5231 
5232 
5233 
5234 
5235 
5236 
5237 
5238 
5239 
5240 
5241 
5242 
5243 
5244 
5245 
5246 
5247 0 
5248 1 
5249 16 25 
5250 6 
5251 2 
5252 4 21 
5253 7 
5254 14 
5255 5 
5256 3 
5257 8 22 
5258 
5259 0 
5260 1 
5261 16 25 
5262 6 
5263 2 
5264 4 21 
5265 7 
5266 14 
5267 5 
5268 3 
5269 8 22 
5270 
5271 0 
5272 1 
5273 16 25 
5274 6 
5275 2 
5276 4 21 
5277 7 
5278 14 
5279 5 
5280 3 
5281 8 22 
5282 
5283 0 
5284 1 
5285 16 25 
5286 6 
5287 2 
5288 4 21 
5289 7 
5290 14 
5291 5 
5292 3 
5293 8 22 23 
5294 
5295 0 
5296 1 
5297 16 25 
5298 6 
5299 2 
5300 4 21 
5301 7 
5302 14 
5303 5 
5304 3 
5305 8 22 23 
5306 
5307 0 
5308 1 
5309 16 25 
5310 6 
5311 2 
5312 4 21 
5313 7 
5314 14 
5315 5 
5316 3 
5317 8 22 23 
5318 
5319 0 
5320 1 
5321 16 
5322 6 
5323 2 
5324 4 21 
5325 7 
5326 14 
5327 5 
5328 3 
5329 8 22 23 
5330 
5331 0 
5332 1 
5333 16 
5334 6 
5335 2 
5336 4 21 
5337 7 
5338 14 
5339 5 
5340 3 
5341 8 22 23 
5342 
5343 0 
5344 1 
5345 16 
5346 6 
5347 2 
5348 4 21 
5349 7 
5350 14 
5351 5 
5352 3 
5353 8 22 23 
5354 
5355 
5356 
5357 
5358 
5359 
5360 
5361 
5362 
5363 
5364 
5365 
5366 
5367 
5368 
5369 
5370 
5371 
5372 
5373 0 
5374 1 
5375 25 
5376 
5377 0 
5378 1 
5379 25 
5380 
5381 0 
5382 1 
5383 25 
5384 
5385 0 
5386 1 
5387 25 
5388 
5389 0 
5390 1 
5391 25 
5392 
5393 0 
5394 1 
5395 25 
5396 
5397 0 
5398 1 
5399 
5400 0 
5401 1 
5402 
5403 0 
5404 1 
5405 
5406 
5407 
5408 
5409 
5410 
5411 
5412 
5413 
5414 
5415 
5416 
5417 
5418 
5419 
5420 
5421 
5422 
5423 
5424 0 
5425 1 
5426 3 25 
5427 22 
5428 
5429 0 
5430 1 
5431 3 25 
5432 22 
5433 
5434 0 
5435 1 
5436 3 25 
5437 22 
5438 
5439 0 
5440 1 
5441 3 25 
5442 22 
5443 
5444 0 
5445 1 
5446 3 25 
5447 22 
5448 
5449 0 
5450 1 
5451 3 25 
5452 22 
5453 
5454 0 
5455 1 
5456 3 
5457 22 
5458 
5459 0 
5460 1 
5461 3 
5462 22 
5463 
5464 0 
5465 1 
5466 3 
5467 22 
5468 
5469 
5470 
5471 
5472 
5473 
5474 
5475 
5476 
5477 
5478 
5479 
5480 
5481 
5482 
5483 
5484 
5485 
5486 
5487 0 
5488 1 
5489 6 
5490 7 25 
5491 14 
5492 
5493 0 
5494 1 
5495 6 
5496 7 25 
5497 14 
5498 
5499 0 
5500 1 
5501 6 
5502 7 25 
5503 14 
5504 
5505 0 
5506 1 
5507 6 
5508 7 25 
5509 14 
5510 
5511 0 
5512 1 
5513 6 
5514 7 25 
5515 14 
5516 
5517 0 
5518 1 
5519 6 
5520 7 25 
5521 14 
5522 
5523 0 
5524 1 
5525 6 
5526 7 
5527 14 
5528 
5529 0 
5530 1 
5531 6 
5532 7 
5533 14 
5534 
5535 0 
5536 1 
5537 6 
5538 7 
5539 14 
5540 
5541 
5542 
5543 
5544 
5545 
5546 
5547 
5548 
5549 
5550 
5551 
5552 
5553 
5554 
5555 
5556 
5557 
5558 
5559 0 
5560 1 
5561 
5562 0 
5563 1 
5564 
5565 0 
5566 1 
5567 
5568 0 
5569 1 
5570 
5571 0 
5572 1 
5573 
5574 0 
5575 1 
5576 
5577 0 
5578 1 
5579 
5580 0 
5581 1 
5582 
5583 0 
5584 1 
5585 
5586 
5587 
5588 
5589 
5590 
5591 
5592 
5593 
5594 
5595 
5596 
5597 
5598 
5599 
5600 
5601 
5602 
5603 
